0 0.1772251546875 0.8465372359375 0.21370815156249998 0.9393764656249999 0.2710429828125 1 0.28056966875 0.9757730125 0.2378794234375 0.907396475 0.209083546875 0.8402098890625 0.18852460625 0.7745565140624999 0.15990343906249999 0.705790953125 0.1219919515625 0.64366166875 0.0876465484375 0.5621269953125 0.063341678125 0.4878350171875 0.0059554640625000006 0.34091013124999997 0.00131544375 0.4012888109375 0.0355940453125 0.5055012453125001 0.0861923671875 0.6431467859375 0.14374815000000002 0.753011496875 0.1772251546875 0.8465372359375
0 0.18009240937499998 0.23633155781249998 0.2169659296875 0.13207335625 0.22413920625 0.10119178437500001 0.2016430703125 0.10273643437499999 0.161270265625 0.2030586375 0.11175615781249999 0.3226718109375 0.05130228906249999 0.4452255421875 0.058742765625000005 0.494379759375 0.12634421875 0.37771858593749996 0.18009240937499998 0.23633155781249998
0 0.3773215515625 0.6027455875000001 0.41034637187499995 0.6068760984375 0.40220706718750004 0.533671096875 0.38031726875 0.4001103 0.368539940625 0.3352349703125 0.3558942140625 0.20833333281250002 0.3447797453125 0.17136469375000002 0.3262299390625 0.1874633859375 0.3553855078125 0.356150684375 0.351480284375 0.4479830296875 0.36542090156249996 0.5310051437500001 0.3773215515625 0.6027455875000001
0 0.578250378125 0.4854779953125 0.3920021046875 0.5623901578125 0.39464326875 0.6075511671875 0.5787488078125 0.5215541703125 0.578250378125 0.4854779953125
0 0.58475565625 0.5283849593750001 0.59779704375 0.11594033749999999 0.57116959375 0.11594033749999999 0.5682715078125 0.5243116578125 0.5361048078125 0.9216987953125001 0.5361048078125 0.9822605453125 0.551078253125 0.9822605453125 0.58475565625 0.5283849593750001
0 0.73863683125 0.49315548124999997 0.700607159375 0.487823575 0.6693294109375 0.4593333515625 0.6249075078125 0.4498137265625 0.5972831984375 0.439870753125 0.5834761828125 0.10996768750000001 0.5678912625 0.3516082671875 0.564196715625 0.4912218078125 0.595346003125 0.47666776562499996 0.63273850625 0.5296435625 0.6733117109375 0.5249981703125 0.689610875 0.5249981703125 0.6840870406249999 0.5545524859375 0.715950571875 0.550067278125 0.7429890984374999 0.5485455109374999 0.7561640859375001 0.5080756625 0.7743130921875 0.3898698375 0.79088459375 0.2396611375 0.75715580625 0.02965729375 0.74059458125 0.04393673125 0.749062746875 0.157668790625 0.7656445265625 0.2966987953125 0.7536051375 0.40075104375 0.73863683125 0.49315548124999997
0 0.8917164062499999 0.0018535812499999998 0.878716128125 0.011716460937500001 0.9256507328125 0.5190255203125 0.942412359375 0.5179042171875 0.926231378125 0.21401993749999998 0.8917164062499999 0.0018535812499999998
0 0.9300389703124999 0.5320349109375 0.8910689625 0.497629246875 0.8598528765625 0.4844711109375 0.833780378125 0.45871549062500006 0.778495790625 0.3733935625 0.766903446875 0.4042179265625 0.8197626859374999 0.48439101874999996 0.893854003125 0.5534083 0.9333943781249999 0.5808229890625001 0.9300389703124999 0.5320349109375
0 0.750141821875 0.819122546875 0.7101955078125 0.87693825 0.6588932187500001 0.9629352484375 0.6547310734375 0.9975354234375 0.6834704281249999 0.9975354234375 0.7095532015625 0.9290673515625001 0.7411957796875 0.8727962984375001 0.777108409375 0.8525670953125 0.8084889265624999 0.824637521875 0.8278968531249999 0.7855178125 0.8574634968750001 0.728457271875 0.8918191765625 0.6596459421875001 0.9203427140624999 0.5779739671875 0.8971323328125 0.5536028125 0.8535582749999999 0.6596802687500001 0.82919688125 0.7292925265625 0.7992345765625 0.7835154875 0.750141821875 0.819122546875
0 0.9205071437499999 1 0.9293452796875 0.8688831828125 0.943563371875 0.8293858921874999 0.95483199375 0.7752887921875 0.9543284249999999 0.703067790625 0.9418574062499999 0.6531927359374999 0.9409067921875 0.7282970859375 0.93415486875 0.78838971875 0.9129279296874999 0.8582651390624999 0.90732188125 0.9245707015625 0.9004517734374999 1 0.9205071437499999 1
0 0.0928826296875 0.6408812984375001 0.0008118749999999999 0.826296590625 0.0055854953125 0.8875448531250001 0.10275873124999998 0.6834106796875 0.0928826296875 0.6408812984375001
0 0.1720558734375 0.8166739890624999 0.115651103125 0.9855329156250001 0.13983265 1 0.181741853125 0.8508851421875001 0.1720558734375 0.8166739890624999
0 0.28553341250000003 0.971070409375 0.30591250625 0.885462434375 0.3559969828125 0.7686067484375 0.3942321921875 0.626018325 0.376216784375 0.6092560046875 0.3391685578125 0.760151215625 0.289407803125 0.8895700609375 0.276494878125 0.95163069375 0.28553341250000003 0.971070409375