0 0.0653765046875 0.673600759375 0.08357175781250001 0.6034501875 0.1045263578125 0.536527096875 0.12683237187500002 0.4526680515625 0.14574186875 0.3806431 0.1684538203125 0.32136170937499997 0.20001932031249997 0.2265558453125 0.21213064843749999 0.173252503125 0.22462222031249998 0.0978558875 0.2403664328125 0.026374396875 0.2293701484375 0.006876420312500001 0.2047312796875 0.1216571734375 0.161845771875 0.24497799531250003 0.12462797656249999 0.4024923703125 0 0.8148779109375001 0.006710815625 0.8495040109374999 0.0465594984375 0.7551972421875 0.0653765046875 0.673600759375
0 0.12233622656250001 0.42589437812500003 0.3965033875 0.7206487796875 0.40003350312499997 0.6743105828125 0.1405057875 0.41170898906250003 0.12233622656250001 0.42589437812500003
0 0.0872714421875 0.5643655062499999 0.06727773125 0.6408823109374999 0.032516114062500004 0.740135665625 0.005292603125 0.8278765609375001 0.013832707812500001 0.870177634375 0.05409246718750001 0.7267377374999999 0.0779246 0.6537811437500001 0.10077015 0.5665615234375 0.13459143125 0.45536316406250005 0.3915447828125 0.7206931437499999 0.3979524296875 0.6870763234374999 0.14060341875 0.42268907968749997 0.1560239078125 0.35070849375 0.1947935171875 0.26006175468750004 0.21546550312499999 0.1805614703125 0.2437629484375 0.007874609375 0.228887134375 0.0113571828125 0.149405584375 0.3204078828125 0.1313799 0.400773265625 0.11484436718749999 0.45891228437500003 0.0872714421875 0.5643655062499999
0 0.40935979062500005 0.266849446875 0.359136575 0.22691075781249997 0.274516575 0.1676071828125 0.22478665156250002 0.1179860515625 0.2170481453125 0.147643384375 0.2726204859375 0.21257009531249998 0.3585456546875 0.27475732812500003 0.40935979062500005 0.29619623125 0.40935979062500005 0.266849446875
0 0.4073403796875 0.07006184374999999 0.3104292046875 0.0123997375 0.2837092625 0.0053125890624999995 0.25388055781249996 0.0227143671875 0.3271908296875 0.061277771875 0.3755282328125 0.08567797031249999 0.4073403796875 0.10547540468750001 0.4073403796875 0.07006184374999999
0 0.7317564453125 0.1720546734375 0.7613076734375 0.1595329359375 0.8054777937500001 0.1469779234375 0.8452596765625 0.1248402890625 0.874358721875 0.10759378593749999 0.874358721875 0.09470604375 0.8369302484375 0.0962920578125 0.73836963125 0.14417190156249998 0.68768395625 0.16537789218750001 0.6419003640625001 0.2047731234375 0.5853722703125 0.2510669546875 0.560748815625 0.25982884375 0.495058865625 0.280358284375 0.40252565156250003 0.3066439515625 0.40487392343749995 0.3498433953125 0.42417908125 0.3509303140625 0.44564752656250006 0.3259866546875 0.5245946796875 0.3224597171875 0.5743708484375001 0.312888184375 0.6000631000000001 0.32222431875 0.6000631000000001 0.32016388125 0.6168606953125 0.2875563421875 0.6669811390625 0.25184332343750004 0.6825043984375 0.22550219999999999 0.7041629671875 0.1894453609375 0.7317564453125 0.1720546734375
0 0.5158593140625001 0.7751055859375 0.54157211875 0.7859969484375 0.567500740625 0.7608203796875 0.6114601828125 0.7554079703125 0.6527373546875 0.7265824640625 0.69518095625 0.7022155390625 0.7279899609375 0.6800224484374999 0.7513133875 0.64221323125 0.78669161875 0.61499591875 0.82034846875 0.59843705625 0.8389034140625 0.59843705625 0.8732539546875 0.607975315625 0.9200292687499999 0.627495475 0.9121674390625 0.5742143140625 0.8695902390624999 0.5628571296875 0.821782096875 0.556413259375 0.77209328125 0.5788170781249999 0.738081878125 0.618766859375 0.6843645171875 0.6588940953125 0.639243784375 0.6896272531250001 0.5944519125000001 0.7222347921875001 0.5304576515625 0.7523024921875 0.5217839468750001 0.7156578296875 0.4916315203125 0.7156578296875 0.478595271875 0.7053875640625 0.42756018124999995 0.7355661734375001 0.4167386046875 0.79735413125 0.4781739171875 0.777002146875 0.5158593140625001 0.7751055859375
0 0.5062966578125 0.5080121375 0.5359301000000001 0.4139937359375 0.575948353125 0.318311684375 0.5481185046875 0.3161600296875 0.5003514703125 0.46530069999999996 0.47410940312500005 0.5305268671875 0.41119935625000004 0.7239095328125 0.42157902500000005 0.734412709375 0.47579481562500003 0.5987365140625001 0.5062966578125 0.5080121375
0 0.9685413781250001 0.7267710109375 0.9765368078125001 0.7878602359375 0.9772510531249999 0.8610941046875 0.9880572140625 0.921695325 1 0.89619711875 0.9913663749999999 0.7830023781250001 0.982728640625 0.699132240625 0.937546246875 0.64288978125 0.9014486312500001 0.6196541375 0.8628331765624999 0.61194589375 0.7842765468749999 0.6043818328125 0.7787424359374999 0.6388415671875001 0.8686396265624999 0.6526276796875 0.8987817765624999 0.6556666140625 0.933173425 0.69304328125 0.9685413781250001 0.7267710109375
0 0.94476063125 0.6736562140625 0.9138220203125 0.6568755328125 0.9145311265625 0.7947810203125 0.8896764421875 0.8233403421875 0.8405425796875001 0.8346087984375 0.8396587656250001 0.70924723125 0.8358922812499999 0.653337503125 0.8128617468750001 0.6467272671875001 0.816782384375 0.8892097890624999 0.8924255125 0.8847179328125 0.952216521875 0.8663734203125 0.94476063125 0.6736562140625
0 0.8981548859374999 0.0974233390625 0.9264882999999999 0.4109548015625 0.9512196625 0.38969335625 0.9220178484374999 0.07565170624999999 0.8981548859374999 0.0974233390625